bName=[data]
hOwned=1
hPrice=15000
hOwner=David_Torino
hLocked=0
hMoney=0
hEntranceX=2067.049316
hEntranceY=-1731.612304
hEntranceZ=14.206624
hEntranceA=90.753616
hExitX=447.096801
hExitY=1397.063232
hExitZ=1084.304687
hExitA=0.000000
hInt=0
hWorld=0
hInsideInt=2
hInsideWorld=1
hWeapon1=24
hWeapon2=0
hWeapon3=30
hWeapon4=28
hWeapon5=25
hWeapon6=29
hWeapon7=22
hWeapon8=0
hWeapon9=0
hWeapon10=0
hAmmo1=100
hAmmo2=0
hAmmo3=100
hAmmo4=100
hAmmo5=200
hAmmo6=100
hAmmo7=100
hAmmo8=0
hAmmo9=0
hAmmo10=0
hOutsideInt=0
hOutsideWorld=0
hLSD=10
hCocaine=0
hMarijuana=49
hMeth=0
hEcstasy=0
hHouseCP=0
hHeroin=0
hCrack=0
[data]
hHouseCP=0
hCrack=0
hHeroin=0
hEcstasy=0
hMeth=0
hMarijuana=0
hCocaine=0
hLSD=0
hOutsideWorld=0
hOutsideInt=0
hAmmo10=0
hAmmo9=0
hAmmo8=0
hAmmo7=0
hAmmo6=0
hAmmo5=0
hAmmo4=0
hAmmo3=0
hAmmo2=0
hAmmo1=0
hWeapon10=0
hWeapon9=0
hWeapon8=0
hWeapon7=0
hWeapon6=0
hWeapon5=0
hWeapon4=0
hWeapon3=0
hWeapon2=0
hWeapon1=0
hInsideWorld=0
hInsideInt=0
hWorld=0
hInt=0
hExitA=0.000000
hExitZ=0.000000
hExitY=0.000000
hExitX=0.000000
hEntranceA=0.000000
hEntranceZ=0.000000
hEntranceY=0.000000
hEntranceX=0.000000
hMoney=0
hLocked=0
hPrice=0
hOwned=0

