[data]
hOwned=0
hPrice=10000
hOwner=hLocked = 1
hMoney=0
hEntranceX=1868.346191
hEntranceY=-2037.974609
hEntranceZ=13.546875
hEntranceA=93.089538
hExitX=-42.522701
hExitY=1406.248413
hExitZ=1084.429687
hExitA=0.000000
hInt=0
hWorld=0
hInsideInt=8
hInsideWorld=105
hWeapon1=0
hWeapon2=0
hWeapon3=0
hWeapon4=0
hWeapon5=0
hWeapon6=0
hWeapon7=0
hWeapon8=0
hWeapon9=0
hWeapon10=0
hAmmo1=0
hAmmo2=0
hAmmo3=0
hAmmo4=0
hAmmo5=0
hAmmo6=0
hAmmo7=0
hAmmo8=0
hAmmo9=0
hAmmo10=0
hOutsideInt=0
hOutsideWorld=0
hLSD=0
hCocaine=0
hMarijuana=0
hMeth=0
hEcstasy=0
hHouseCP=0
hHeroin=0
hCrack=0
hLocked=0

