[data]
hOwned=0
hPrice=15000
hOwner=hLocked = 1
hMoney=0
hEntranceX=213.695480
hEntranceY=1817.497558
hEntranceZ=387.546020
hEntranceA=5.874094
hExitX=260.694396
hExitY=1237.232910
hExitZ=1084.257812
hExitA=0.000000
hInt=0
hWorld=2
hInsideInt=9
hInsideWorld=135
hWeapon1=0
hWeapon2=0
hWeapon3=0
hWeapon4=0
hWeapon5=0
hWeapon6=0
hWeapon7=0
hWeapon8=0
hWeapon9=0
hWeapon10=0
hAmmo1=0
hAmmo2=0
hAmmo3=0
hAmmo4=0
hAmmo5=0
hAmmo6=0
hAmmo7=0
hAmmo8=0
hAmmo9=0
hAmmo10=0
hOutsideInt=0
hOutsideWorld=0
hLSD=0
hCocaine=0
hMarijuana=0
hMeth=0
hEcstasy=0
hHouseCP=0
hHeroin=0
hCrack=0
hLocked=0

