[data]
hOwned=0
hPrice=15500
hOwner=hLocked = 1
hMoney=0
hEntranceX=2191.889160
hEntranceY=-1173.001953
hEntranceZ=1029.796875
hEntranceA=93.408554
hExitX=-68.783302
hExitY=1353.049560
hExitZ=1080.210937
hExitA=0.000000
hInt=15
hWorld=32
hInsideInt=6
hInsideWorld=35
hWeapon1=0
hWeapon2=0
hWeapon3=0
hWeapon4=0
hWeapon5=0
hWeapon6=0
hWeapon7=0
hWeapon8=0
hWeapon9=0
hWeapon10=0
hAmmo1=0
hAmmo2=0
hAmmo3=0
hAmmo4=0
hAmmo5=0
hAmmo6=0
hAmmo7=0
hAmmo8=0
hAmmo9=0
hAmmo10=0
hOutsideInt=0
hOutsideWorld=0
hLSD=0
hCocaine=0
hMarijuana=0
hMeth=0
hEcstasy=0
hHouseCP=0
hHeroin=0
hCrack=0
hLocked=0

