[data]
hOwned=0
hPrice=13500
hOwner=hLocked = 1
hMoney=0
hEntranceX=1972.314086
hEntranceY=-1633.711425
hEntranceZ=15.968750
hEntranceA=4.220671
hExitX=-68.783302
hExitY=1353.049560
hExitZ=1080.210937
hExitA=0.000000
hInt=0
hWorld=0
hInsideInt=6
hInsideWorld=66
hWeapon1=0
hWeapon2=0
hWeapon3=0
hWeapon4=0
hWeapon5=0
hWeapon6=0
hWeapon7=0
hWeapon8=0
hWeapon9=0
hWeapon10=0
hAmmo1=0
hAmmo2=0
hAmmo3=0
hAmmo4=0
hAmmo5=0
hAmmo6=0
hAmmo7=0
hAmmo8=0
hAmmo9=0
hAmmo10=0
hOutsideInt=0
hOutsideWorld=0
hLSD=0
hCocaine=0
hMarijuana=0
hMeth=0
hEcstasy=0
hHouseCP=0
hHeroin=0
hCrack=0
hLocked=0

