[data]
bOwned=0
bPrice=45000
bOwner=bType = 20
bLocked=0
bMoney=0
bEntranceX=2131.813964
bEntranceY=-1151.031860
bEntranceZ=24.092107
bEntranceA=182.412017
bExitX=329.207489
bExitY=1293.691528
bExitZ=452.974914
bExitA=0.000000
bInt=0
bWorld=0
bInsideInt=0
bInsideWorld=1
bName=None
bType=0

