[data]
bOwned=0
bPrice=30000
bOwner=bType = 10
bLocked=0
bMoney=0
bEntranceX=2424.204589
bEntranceY=-1742.818969
bEntranceZ=13.545467
bEntranceA=242.676071
bExitX=-27.312299
bExitY=-29.277599
bExitZ=1003.557250
bExitA=0.000000
bInt=0
bWorld=0
bInsideInt=4
bInsideWorld=10
bName=None
bType=0

