[data]
bOwned=0
bPrice=30000
bOwner=bType = 10
bLocked=0
bMoney=0
bEntranceX=2423.405761
bEntranceY=-1994.568969
bEntranceZ=13.546875
bEntranceA=270.246246
bExitX=-27.312299
bExitY=-29.277599
bExitZ=1003.557250
bExitA=0.000000
bInt=0
bWorld=0
bInsideInt=4
bInsideWorld=11
bName=None
bType=0

