[data]
bOwned=0
bPrice=30000
bOwner=bType = 10
bLocked=0
bMoney=0
bEntranceX=2424.844238
bEntranceY=-1922.281494
bEntranceZ=13.546875
bEntranceA=312.670532
bExitX=-27.312299
bExitY=-29.277599
bExitZ=1003.557250
bExitA=0.000000
bInt=0
bWorld=0
bInsideInt=4
bInsideWorld=12
bName=None
bType=0

