[data]
bOwned=0
bPrice=30000
bOwner=bType = 3
bLocked=0
bMoney=0
bEntranceX=2139.417480
bEntranceY=-1168.636474
bEntranceZ=23.992187
bEntranceA=88.202514
bExitX=-27.312299
bExitY=-29.277599
bExitZ=1003.557250
bExitA=0.000000
bInt=0
bWorld=0
bInsideInt=4
bInsideWorld=13
bName=None
bType=0

