[data]
bOwned=0
bPrice=30000
bOwner=bType = 3
bLocked=0
bMoney=0
bEntranceX=2151.181396
bEntranceY=-1013.996520
bEntranceZ=62.731304
bEntranceA=127.450859
bExitX=6.091176
bExitY=-29.271898
bExitZ=1003.549438
bExitA=0.000000
bInt=0
bWorld=0
bInsideInt=10
bInsideWorld=14
bName=None
bType=0

