[data]
bOwned=0
bPrice=30000
bOwner=bType = 10
bLocked=0
bMoney=0
bEntranceX=2665.334960
bEntranceY=-1095.899658
bEntranceZ=69.441139
bEntranceA=180.918991
bExitX=-30.946699
bExitY=-89.609596
bExitZ=1003.546875
bExitA=0.000000
bInt=0
bWorld=0
bInsideInt=18
bInsideWorld=15
bName=None
bType=0

