[data]
bOwned=0
bPrice=30000
bOwner=bType = 3
bLocked=1
bMoney=0
bEntranceX=2850.240478
bEntranceY=-1478.759399
bEntranceZ=10.916475
bEntranceA=358.539550
bExitX=-30.946699
bExitY=-89.609596
bExitZ=1003.546875
bExitA=0.000000
bInt=0
bWorld=0
bInsideInt=18
bInsideWorld=16
bName=None
bType=0

