[data]
bOwned=0
bPrice=30000
bOwner=bType = 3
bLocked=0
bMoney=0
bEntranceX=2723.857910
bEntranceY=-2033.802734
bEntranceZ=13.547199
bEntranceA=271.401031
bExitX=-30.946699
bExitY=-89.609596
bExitZ=1003.546875
bExitA=0.000000
bInt=0
bWorld=0
bInsideInt=18
bInsideWorld=17
bName=None
bType=0

