[data]
bOwned=0
bPrice=25000
bOwner=bType = 12
bLocked=0
bMoney=10
bEntranceX=2724.456787
bEntranceY=-2026.628662
bEntranceZ=13.554677
bEntranceA=268.645599
bExitX=418.729492
bExitY=-83.429100
bExitZ=1001.804687
bExitA=0.000000
bInt=0
bWorld=0
bInsideInt=3
bInsideWorld=18
bName=None
bType=0

