[data]
bOwned=0
bPrice=25000
bOwner=bType = 1
bLocked=0
bMoney=0
bEntranceX=2467.086181
bEntranceY=-1744.237060
bEntranceZ=13.553936
bEntranceA=181.517761
bExitX=458.971801
bExitY=-111.182701
bExitZ=999.552001
bExitA=0.000000
bInt=0
bWorld=0
bInsideInt=5
bInsideWorld=19
bName=None
bType=0

