[data]
bOwned=0
bPrice=32000
bOwner=bType = 1
bLocked=0
bMoney=0
bEntranceX=2310.107421
bEntranceY=-1643.557861
bEntranceZ=14.827047
bEntranceA=317.867858
bExitX=501.980987
bExitY=-69.150199
bExitZ=998.757812
bExitA=0.000000
bInt=0
bWorld=0
bInsideInt=11
bInsideWorld=20
bName=None
bType=0

