[data]
bOwned=0
bPrice=35000
bOwner=bType = 0
bLocked=0
bMoney=100
bEntranceX=2244.210937
bEntranceY=-1665.518554
bEntranceZ=15.476552
bEntranceA=165.099212
bExitX=207.737991
bExitY=-109.019996
bExitZ=1005.132812
bExitA=0.000000
bInt=0
bWorld=0
bInsideInt=15
bInsideWorld=21
bName=None
bType=0

