[data]
bOwned=0
bPrice=31000
bOwner=bType = 0
bLocked=0
bMoney=0
bEntranceX=2112.831298
bEntranceY=-1211.454833
bEntranceZ=23.962863
bEntranceA=1.623893
bExitX=203.777999
bExitY=-48.492397
bExitZ=1001.804687
bExitA=0.000000
bInt=0
bWorld=0
bInsideInt=1
bInsideWorld=22
bName=None
bType=0

