[data]
bOwned=0
bPrice=20000
bOwner=bType = 17
bLocked=0
bMoney=0
bEntranceX=2229.957763
bEntranceY=-1721.312744
bEntranceZ=13.561882
bEntranceA=320.182800
bExitX=772.111999
bExitY=-3.898648
bExitZ=1000.728820
bExitA=0.000000
bInt=0
bWorld=0
bInsideInt=5
bInsideWorld=23
bName=None
bType=0

