[data]
bOwned=0
bPrice=34000
bOwner=bType = 25
bLocked=0
bMoney=0
bEntranceX=1631.803710
bEntranceY=-1172.930053
bEntranceZ=24.084280
bEntranceA=178.271820
bExitX=834.666992
bExitY=7.499700
bExitZ=1004.187011
bExitA=0.000000
bInt=0
bWorld=0
bInsideInt=3
bInsideWorld=24
bName=None
bType=0

