[data]
bOwned=0
bPrice=28000
bOwner=bType = 10
bLocked=0
bMoney=0
bEntranceX=1565.920898
bEntranceY=-1171.423217
bEntranceZ=24.095344
bEntranceA=178.317260
bExitX=-25.132598
bExitY=-139.066986
bExitZ=1003.546875
bExitA=0.000000
bInt=0
bWorld=0
bInsideInt=16
bInsideWorld=25
bName=None
bType=0

