[data]
bOwned=0
bPrice=10000
bOwner=bType = 6
bLocked=0
bMoney=0
bEntranceX=1738.251708
bEntranceY=-1268.454711
bEntranceZ=13.542548
bEntranceA=320.632598
bExitX=2305.327148
bExitY=-15.938591
bExitZ=26.742200
bExitA=0.000000
bInt=0
bWorld=0
bInsideInt=0
bInsideWorld=26
bName=None
bType=0

