[data]
bOwned=0
bPrice=35000
bOwner=bType = 2
bLocked=0
bMoney=0
bEntranceX=1837.007080
bEntranceY=-1680.897949
bEntranceZ=13.324172
bEntranceA=271.058654
bExitX=493.390991
bExitY=-22.722799
bExitZ=1000.679687
bExitA=0.000000
bInt=0
bWorld=0
bInsideInt=17
bInsideWorld=27
bName=None
bType=0

