[data]
bOwned=0
bPrice=27000
bOwner=bType = 14
bLocked=0
bMoney=0
bEntranceX=1793.038452
bEntranceY=-1720.838378
bEntranceZ=13.536725
bEntranceA=1.619307
bExitX=441.972991
bExitY=-49.648498
bExitZ=999.780395
bExitA=0.000000
bInt=0
bWorld=0
bInsideInt=6
bInsideWorld=28
bName=None
bType=0

