[data]
bOwned=0
bPrice=42000
bOwner=bType = 7
bLocked=0
bMoney=0
bEntranceX=1675.412719
bEntranceY=-1636.341918
bEntranceZ=14.226552
bEntranceA=91.135192
bExitX=-794.992370
bExitY=489.281494
bExitZ=1376.195312
bExitA=0.000000
bInt=0
bWorld=0
bInsideInt=1
bInsideWorld=29
bName=None
bType=0

