[data]
bOwned=0
bPrice=20000
bOwner=bType = 21
bLocked=0
bMoney=0
bEntranceX=1995.402587
bEntranceY=-1802.693237
bEntranceZ=13.546875
bEntranceA=359.705902
bExitX=210.436203
bExitY=1812.167846
bExitZ=387.455291
bExitA=0.000000
bInt=0
bWorld=0
bInsideInt=0
bInsideWorld=3
bName=None
bType=0

