[data]
bOwned=0
bPrice=27000
bOwner=bType = 3
bLocked=0
bMoney=0
bEntranceX=1648.326660
bEntranceY=-1578.643432
bEntranceZ=13.526453
bEntranceA=93.237854
bExitX=-27.312299
bExitY=-29.277599
bExitZ=1003.557250
bExitA=0.000000
bInt=0
bWorld=0
bInsideInt=4
bInsideWorld=30
bName=None
bType=0

