[data]
bOwned=0
bPrice=35000
bOwner=bType = 7
bLocked=0
bMoney=0
bEntranceX=2105.487792
bEntranceY=-1806.522827
bEntranceZ=13.554677
bEntranceA=271.406219
bExitX=372.236389
bExitY=-133.485595
bExitZ=1001.492187
bExitA=0.000000
bInt=0
bWorld=0
bInsideInt=5
bInsideWorld=31
bName=None
bType=0

