[data]
bOwned=0
bPrice=35000
bOwner=bType = 15
bLocked=0
bMoney=0
bEntranceX=2176.964599
bEntranceY=-1770.523071
bEntranceZ=13.539052
bEntranceA=90.227058
bExitX=2214.574462
bExitY=-1150.553222
bExitZ=1025.796875
bExitA=0.000000
bInt=0
bWorld=0
bInsideInt=15
bInsideWorld=32
bName=None
bType=0

