[data]
bOwned=0
bPrice=25000
bOwner=bType = 21
bLocked=0
bMoney=0
bEntranceX=2002.438842
bEntranceY=-1593.979858
bEntranceZ=13.577569
bEntranceA=45.907352
bExitX=210.436203
bExitY=1812.167846
bExitZ=387.455291
bExitA=0.000000
bInt=0
bWorld=0
bInsideInt=0
bInsideWorld=33
bName=None
bType=0

