[data]
bOwned=0
bPrice=25000
bOwner=bType = 21
bLocked=0
bMoney=0
bEntranceX=1986.652099
bEntranceY=-1604.994750
bEntranceZ=13.532052
bEntranceA=50.764057
bExitX=210.436203
bExitY=1812.167846
bExitZ=387.455291
bExitA=0.000000
bInt=0
bWorld=0
bInsideInt=0
bInsideWorld=34
bName=None
bType=0

