[data]
bOwned=0
bPrice=25000
bOwner=bType = 21
bLocked=0
bMoney=0
bEntranceX=1909.904785
bEntranceY=-1597.409790
bEntranceZ=14.306241
bEntranceA=2.196865
bExitX=210.436203
bExitY=1812.167846
bExitZ=387.455291
bExitA=0.000000
bInt=0
bWorld=0
bInsideInt=0
bInsideWorld=35
bName=None
bType=0

