[data]
bOwned=0
bPrice=0
bOwner=bType = 0
bLocked=0
bMoney=0
bEntranceX=0.000000
bEntranceY=0.000000
bEntranceZ=0.000000
bEntranceA=0.000000
bExitX=0.000000
bExitY=0.000000
bExitZ=0.000000
bExitA=0.000000
bInt=0
bWorld=0
bInsideInt=0
bInsideWorld=36
bType=0

