[data]
bOwned=0
bPrice=20000
bOwner=bType = 21
bLocked=0
bMoney=0
bEntranceX=1988.735595
bEntranceY=-1802.711059
bEntranceZ=13.546875
bEntranceA=1.891136
bExitX=210.436203
bExitY=1812.167846
bExitZ=387.455291
bExitA=0.000000
bInt=0
bWorld=0
bInsideInt=0
bInsideWorld=4
bName=None
bType=0

