[data]
bOwned=1
bPrice=10000
bOwner=David_Alvarez
bType=4
bLocked=0
bMoney=0
bEntranceX=1555.024536
bEntranceY=-1675.644897
bEntranceZ=16.195312
bEntranceA=271.133789
bExitX=246.375991
bExitY=109.245994
bExitZ=1003.218750
bExitA=0.000000
bInt=0
bWorld=0
bInsideInt=10
bInsideWorld=5
bName=San Jose Police Department

