[data]
bOwned=1
bPrice=35000
bOwner=Nathan_Snowden
bType=3
bLocked=0
bMoney=202
bEntranceX=1928.581298
bEntranceY=-1776.229125
bEntranceZ=13.546875
bEntranceA=92.762245
bExitX=-26.691598
bExitY=-55.714897
bExitZ=1003.546875
bExitA=0.000000
bInt=0
bWorld=0
bInsideInt=6
bInsideWorld=6
bName=Nathan's Store!

