[data]
bOwned=0
bPrice=30000
bOwner=bType = 9
bLocked=0
bMoney=0
bEntranceX=2002.737426
bEntranceY=-1761.960571
bEntranceZ=13.539072
bEntranceA=178.861328
bExitX=-27.312299
bExitY=-29.277599
bExitZ=1003.557250
bExitA=0.000000
bInt=0
bWorld=0
bInsideInt=4
bInsideWorld=7
bName=None
bType=0

