[data]
bOwned=0
bPrice=35000
bLocked=0
bMoney=0
bEntranceX=1833.775512
bEntranceY=-1842.599487
bEntranceZ=13.578125
bEntranceA=271.508941
bExitX=-25.132598
bExitY=-139.066986
bExitZ=1003.546875
bExitA=0.000000
bInt=0
bWorld=0
bInsideInt=16
bInsideWorld=8
bType=0

