[data]
bOwned=0
bPrice=30000
bOwner=bType = 10
bLocked=0
bMoney=0
bEntranceX=1678.628417
bEntranceY=-1848.647949
bEntranceZ=13.529643
bEntranceA=78.778533
bExitX=-27.312299
bExitY=-29.277599
bExitZ=1003.557250
bExitA=0.000000
bInt=0
bWorld=0
bInsideInt=4
bInsideWorld=9
bName=None
bType=0

